       0/9     3.86G   0.05461   0.02017   0.04908    0.1239        18       640    0.4801    0.7174    0.5697    0.3577   0.01986  0.006401   0.02851
       1/9     3.86G   0.03941   0.01178   0.03156   0.08275        15       640    0.6146    0.8424    0.8123    0.5319   0.01927  0.005079   0.01382
       2/9     3.86G   0.04044     0.011   0.01966    0.0711        17       640    0.8591    0.8985    0.9295    0.6624   0.02038  0.005072   0.00729
       3/9     3.86G   0.03878   0.01077   0.01727   0.06682        14       640    0.7801    0.6085    0.6756    0.4096   0.02296   0.00952   0.01337
       4/9     3.86G   0.03386   0.01045   0.01523   0.05953        14       640    0.9101    0.9005    0.9433    0.6692   0.01461  0.005863  0.004891
       5/9     3.86G   0.02864  0.009762   0.01249   0.05089        12       640    0.9779    0.9738     0.993    0.8196   0.01187  0.004052  0.003583
       6/9     3.86G   0.02537  0.009159   0.01024   0.04477        18       640    0.9945    0.9885    0.9948    0.8266   0.01053  0.003719  0.002466
       7/9     3.86G   0.02247  0.008402  0.007352   0.03822        14       640    0.9973    0.9921    0.9953    0.8585  0.008801  0.003351  0.001832
       8/9     3.86G   0.02069  0.007987  0.006611   0.03529        16       640    0.9916    0.9947    0.9953    0.8652  0.009147  0.003321  0.001975
       9/9     3.86G   0.01874  0.007674  0.006258   0.03267        17       640    0.9991    0.9938    0.9955    0.8754  0.008158  0.003102  0.001071
