       0/9        5G     0.025   0.02227   0.02366   0.07093         4      1280    0.3429    0.5605    0.3965    0.2648   0.01169  0.006109   0.01499
       1/9     4.96G    0.0211  0.009607   0.01419    0.0449         1      1280    0.6959    0.9054    0.8675    0.5036   0.01352  0.005053  0.002645
       2/9     4.96G   0.02143  0.008679  0.007393    0.0375         1      1280    0.6431    0.8544    0.7609    0.3998   0.01368  0.006755  0.004176
       3/9     4.96G   0.01814  0.008761  0.006081   0.03299         2      1280    0.9365     0.956    0.9863    0.6761  0.009422    0.0053  0.001323
       4/9     4.96G   0.01579   0.00833  0.005149   0.02927         4      1280     0.889    0.9398    0.9416    0.6156   0.01042  0.004857  0.002062
       5/9     4.96G   0.01385  0.007941  0.004055   0.02585         4      1280    0.9851    0.9899    0.9942     0.781  0.007089  0.003862  0.001073
       6/9     4.96G   0.01186  0.007407   0.00321   0.02248         2      1280    0.9893    0.9966     0.995    0.8167  0.005914  0.003594  0.001118
       7/9     4.96G   0.01072  0.007064    0.0026   0.02038         3      1280    0.9633    0.9062    0.9665    0.7808  0.005839   0.00648   0.00088
       8/9     4.96G   0.00942  0.006447  0.002067   0.01793         2      1280     0.996    0.9992    0.9954    0.8493  0.004706  0.002957 0.0006787
       9/9     4.96G    0.0083  0.006282  0.001698   0.01628         4      1280    0.9953    0.9983    0.9953    0.8564  0.004447  0.002926 0.0004709
