       0/9     5.05G   0.04041   0.02432   0.03705    0.1018        15      1280    0.2366    0.4264    0.2589    0.1384   0.01845  0.007332   0.02209
       1/9     5.17G   0.02986   0.01262   0.02912    0.0716        19      1280    0.5607    0.6622    0.6393    0.3626   0.01369  0.007103   0.01286
       2/9     5.17G   0.03138   0.01132   0.01918   0.06188        22      1280    0.7405    0.7113     0.772    0.4111    0.0169  0.008685  0.007165
       3/9     5.17G   0.03015   0.01191   0.01559   0.05765        15      1280    0.2803    0.3872    0.2474   0.09679   0.02216  0.009754   0.01618
       4/9     5.17G   0.02653   0.01117     0.013    0.0507        14      1280    0.8416    0.8102    0.9128    0.5484   0.01383  0.005843  0.005218
       5/9     5.17G   0.02403   0.01073   0.01114    0.0459        11      1280    0.9121    0.9084    0.9529    0.6301   0.01142  0.005123  0.003208
       6/9     5.17G    0.0216  0.009904   0.01057   0.04206        10      1280    0.6902    0.5682    0.6014    0.3394   0.01711  0.007144  0.008844
       7/9     5.17G    0.0192  0.009478  0.008473   0.03715        13      1280     0.956    0.9701    0.9851    0.7575  0.008297  0.003914  0.001911
       8/9     5.17G   0.01659   0.00886  0.007131   0.03258         8      1280     0.968    0.9644    0.9876    0.7676  0.007599  0.004015  0.001818
       9/9     5.17G   0.01623  0.008521  0.006213   0.03096        13      1280    0.9935    0.9932    0.9949    0.8088  0.006865  0.003484 0.0005937
