       0/9     3.99G   0.05847   0.03518   0.04027    0.1339         2      1280    0.2811    0.6914    0.4883    0.1968   0.03613   0.01283    0.0293
       1/9     4.03G    0.0477   0.01515   0.02826   0.09111         1      1280       0.4    0.9199     0.588    0.1787   0.03259  0.008032   0.01768
       2/9     4.03G   0.04787   0.01168   0.02258   0.08213         3      1280    0.5953    0.8115     0.716    0.3542    0.0299  0.006798   0.01523
       3/9     4.03G   0.04096   0.01017   0.01782   0.06895         1      1280    0.5606    0.6872    0.6533     0.324   0.02666  0.006041   0.02026
       4/9     4.03G    0.0353   0.01016   0.01724    0.0627         2      1280      0.62    0.8998    0.7717    0.4857   0.02551  0.006379   0.01273
       5/9     4.03G   0.03176  0.009899   0.01711   0.05877         4      1280     0.717    0.9107    0.8407    0.5092   0.02161  0.006371   0.01128
       6/9     4.03G   0.02715  0.009391   0.01408   0.05062         4      1280    0.9317    0.9183    0.9632     0.632   0.01863   0.00468  0.009133
       7/9     4.03G   0.02385  0.008919   0.01215   0.04492         1      1280    0.9472    0.9762    0.9851    0.6805   0.01759  0.004514  0.007379
       8/9     4.03G   0.02186  0.008375  0.009837   0.04007         2      1280    0.9515    0.9546    0.9928    0.7276   0.01535  0.004176  0.005887
       9/9     4.03G   0.01947  0.007724  0.008094   0.03529         1      1280    0.9859    0.9935    0.9925    0.7692   0.01301  0.003949  0.004549
