       0/9     1.46G   0.05867   0.02101   0.05224    0.1319         7       640    0.3411    0.5321    0.3451    0.1529   0.02451   0.00829   0.03238
       1/9     1.95G   0.04437   0.01303   0.03842   0.09581         7       640    0.5679    0.7021     0.691    0.3986   0.03195  0.005704   0.01622
       2/9     1.95G   0.04406   0.01188   0.02473   0.08066         5       640    0.7348      0.76    0.8004    0.4696   0.02288  0.006613   0.01058
       3/9     1.95G   0.03892   0.01163   0.01847   0.06902         7       640       0.2    0.2416   0.08028   0.02664   0.04074   0.01355   0.04098
       4/9     1.95G   0.03526   0.01128   0.01673   0.06327         6       640      0.83    0.9101    0.9501    0.6635   0.01758  0.006342  0.007615
       5/9     1.95G   0.03202   0.01083   0.01454   0.05739         5       640    0.9167    0.9115    0.9813    0.7357   0.01373  0.004682  0.007418
       6/9     1.96G   0.02831   0.01008   0.01189   0.05028         9       640    0.9871     0.971    0.9911    0.7895   0.01218  0.004593  0.002671
       7/9     1.96G   0.02508   0.00923  0.009467   0.04378         9       640    0.9861    0.9782    0.9898    0.7862   0.01164  0.004389  0.002088
       8/9     1.96G   0.02306  0.008691  0.007802   0.03956         7       640    0.9917    0.9859    0.9942    0.8282   0.01066  0.003795  0.002484
       9/9     1.96G   0.02138  0.008368  0.006989   0.03673        10       640    0.9986    0.9932    0.9952     0.857  0.008925  0.003427  0.001217
