       0/9     3.92G   0.04594   0.02011    0.0425    0.1086         8       640    0.7731     0.576    0.7319    0.4665   0.01807  0.006636   0.02207
       1/9     3.92G   0.03804   0.01077   0.02126   0.07007         5       640    0.8745    0.9687    0.9442    0.6619   0.01704   0.00463  0.004973
       2/9     3.92G   0.03733   0.01007   0.01409   0.06149         3       640     0.732    0.6241    0.7486    0.4543   0.02076  0.007366     0.014
       3/9     3.92G   0.03182   0.01049   0.01473   0.05704         3       640    0.9686     0.963    0.9907    0.7677   0.01382   0.00451  0.004792
       4/9     3.92G    0.0284  0.009949   0.01195    0.0503         5       640    0.6674    0.6346    0.6563    0.4393   0.01841    0.0101  0.007338
       5/9     3.93G    0.0246  0.009246   0.01014   0.04399         4       640     0.939    0.9051    0.9815    0.7791   0.01099  0.004211  0.004742
       6/9     3.93G   0.02155  0.008484  0.008329   0.03836         4       640     0.986      0.99    0.9948    0.8336  0.009364  0.003649  0.002125
       7/9     3.93G   0.01971  0.008217  0.006729   0.03466         4       640    0.9962    0.9956    0.9952    0.8435   0.00841  0.003452  0.001235
       8/9     3.93G   0.01753  0.007622  0.005117   0.03027         8       640    0.9965    0.9971    0.9953    0.8757  0.007283  0.003092 0.0009539
       9/9     3.93G   0.01613  0.007141  0.004413   0.02768         6       640    0.9996    0.9994    0.9954    0.8879  0.006716  0.002917 0.0007247
