       0/9      4.1G   0.03317   0.02268   0.03118   0.08703         4      1280     0.369    0.6501    0.4528    0.2214   0.01583   0.00622   0.01562
       1/9     4.26G   0.02633   0.01081   0.01963   0.05678         2      1280    0.8476    0.8771    0.9128    0.5644   0.01296  0.004976  0.004828
       2/9     4.26G   0.02739  0.009972    0.0124   0.04976         3      1280    0.7964    0.7675    0.8081    0.5265   0.01293  0.005674  0.005141
       3/9     4.26G   0.02628   0.01033   0.01189    0.0485         6      1280    0.8717    0.8602    0.9393    0.5838   0.01265  0.005428  0.003165
       4/9     4.26G   0.02223  0.009787  0.009116   0.04113         6      1280    0.9517    0.9208    0.9726    0.6725  0.009685  0.004831  0.002574
       5/9     4.26G    0.0184  0.009135  0.007591   0.03513         5      1280    0.9623    0.9731    0.9895    0.7583  0.008079  0.003936  0.001528
       6/9     4.26G   0.01701  0.008455  0.005736   0.03121         6      1280    0.9922    0.9935    0.9947    0.7849  0.007006   0.00355  0.001016
       7/9     4.26G    0.0149  0.007925  0.005143   0.02797         6      1280    0.9838    0.9815    0.9928    0.8048  0.006202  0.003459  0.001262
       8/9     4.26G   0.01367  0.007744  0.004894   0.02631         4      1280    0.9906    0.9962    0.9949    0.8254  0.005628  0.003246 0.0007849
       9/9     4.26G   0.01222  0.007313  0.004025   0.02356         6      1280    0.9961    0.9976    0.9954    0.8301   0.00562  0.003089 0.0004679
